0 0 0 0 1 0 0 0 0
0 0 0 1 0 1 0 0 0
0 0 1 1 1 1 1 0 0
0 1 0 0 0 0 0 1 0
1 0 0 0 0 0 0 0 1

A 1

0 0 0 0 1 0 0 0 0
0 0 0 1 0 1 0 0 0
0 0 1 0 0 1 1 0 0
0 1 0 0 1 0 0 1 0
1 0 0 0 0 0 0 0 1

A 1

0 0 0 0 1 0 0 0 0
0 0 1 0 0 1 0 0 0
0 0 1 1 1 1 1 0 0
0 1 0 0 0 0 0 1 0
1 0 0 0 0 0 0 0 1

A 1

0 0 0 0 1 0 0 0 0
0 0 0 1 0 1 0 0 0
0 0 1 1 1 1 1 0 0
0 1 0 0 0 0 0 0 1
1 0 0 0 0 0 0 0 1

A 1

0 0 0 0 1 0 0 0 0
0 0 0 1 0 1 0 0 0
0 0 1 0 1 0 1 0 0
0 1 0 0 0 0 0 1 0
1 0 0 0 0 0 0 0 1

A 1

0 0 1 1 1 1 0 0 0
0 0 1 0 0 0 1 0 0
0 0 1 1 1 1 0 0 0
0 0 1 0 0 0 1 0 0
0 0 1 1 1 1 0 0 0

0

0 0 0 1 1 1 0 0 0
0 0 1 0 0 0 0 0 0
0 0 1 0 0 0 0 0 0
0 0 1 0 0 0 0 0 0
0 0 0 1 1 1 0 0 0

0

0 0 1 1 1 1 0 0 0
0 0 1 0 0 0 1 0 0
0 0 1 0 0 0 1 0 0
0 0 1 0 0 0 1 0 0
0 0 1 1 1 1 0 0 0

0

0 0 1 1 1 1 1 0 0
0 0 1 0 0 0 0 0 0
0 0 1 1 1 0 0 0 0
0 0 1 0 0 0 0 0 0
0 0 1 1 1 1 1 0 0

E 1

0 0 0 1 0 1 1 0 0
0 0 1 0 0 0 0 0 0
0 0 1 1 1 0 0 0 0
0 0 1 0 0 0 0 0 0
0 0 1 1 1 1 1 0 0

E 1

0 0 1 1 0 1 1 0 0
0 0 1 0 1 0 0 0 0
0 0 1 1 1 0 0 0 0
0 0 1 0 0 0 0 0 0
0 0 1 1 1 1 1 0 0

E 1

0 0 1 1 1 1 1 0 0
0 0 1 0 0 0 0 0 0
0 1 0 1 1 0 0 0 0
0 0 1 0 0 0 0 0 0
0 0 1 1 1 1 1 0 0

E 1

0 0 1 1 1 1 1 0 0
0 0 1 0 0 0 0 0 0
0 0 1 0 1 0 0 0 0
0 0 1 0 0 0 0 0 0
0 0 1 1 1 1 1 0 0

E 1

0 0 1 1 1 1 1 0 0
0 0 1 0 0 0 0 0 0
0 0 1 1 1 0 0 0 0
0 0 1 0 0 0 0 0 0
0 0 1 0 0 0 0 0 0

0

0 0 0 1 1 1 0 0 0
0 0 1 0 0 0 0 0 0
0 0 1 0 1 1 1 0 0
0 0 1 0 0 1 0 0 0
0 0 0 1 1 1 0 0 0

0

0 0 1 0 0 0 1 0 0
0 0 1 0 0 0 1 0 0
0 0 1 1 1 1 1 0 0
0 0 1 0 0 0 1 0 0
0 0 1 0 0 0 1 0 0

0

0 0 1 1 1 1 1 0 0
0 0 0 0 1 0 0 0 0
0 0 0 0 1 0 0 0 0
0 0 0 0 1 0 0 0 0
0 0 1 1 1 1 1 0 0

I 1

0 0 1 1 1 1 1 0 0
0 0 0 0 1 0 0 0 0
0 1 0 0 0 0 0 0 0
0 0 0 0 1 0 0 0 0
0 0 1 1 1 1 1 0 0

I 1

0 0 1 1 1 1 1 0 0
0 0 0 0 1 0 0 0 0
0 1 0 0 1 0 0 0 0
0 0 0 0 1 0 0 0 0
0 0 1 0 1 1 1 0 0

I 1

0 0 1 1 0 1 1 0 0
0 0 0 0 1 0 0 0 0
0 0 0 0 1 0 0 0 0
0 0 0 0 1 0 0 0 0
0 0 1 1 1 1 1 1 0

I 1

0 0 1 0 1 1 0 0 0
0 0 0 0 1 0 0 0 0
0 0 0 0 1 0 0 1 0
0 0 0 0 1 0 0 0 0
0 0 1 1 1 1 1 0 0

I 1

0 0 1 1 1 1 1 0 0
0 0 0 0 1 0 0 0 0
0 0 0 0 1 0 0 0 0
0 0 1 0 1 0 0 0 0
0 0 0 1 0 0 0 0 0

0

0 0 1 0 0 0 1 0 0
0 0 1 0 0 1 0 0 0
0 0 1 1 1 0 0 0 0
0 0 1 0 0 1 0 0 0
0 0 1 0 0 0 1 0 0

0

0 0 1 0 0 0 0 0 0
0 0 1 0 0 0 0 0 0
0 0 1 0 0 0 0 0 0
0 0 1 0 0 0 0 0 0
0 0 1 1 1 1 1 0 0

0

0 0 1 0 0 0 1 0 0
0 0 1 1 0 1 1 0 0
0 0 1 0 1 0 1 0 0
0 0 1 0 0 0 1 0 0
0 0 1 0 0 0 1 0 0

0

0 0 1 0 0 0 1 0 0
0 0 1 1 0 0 1 0 0
0 0 1 0 1 0 1 0 0
0 0 1 0 0 1 1 0 0
0 0 1 0 0 0 1 0 0

0

0 0 0 1 1 1 0 0 0
0 0 1 0 0 0 1 0 0
0 0 1 0 0 0 1 0 0
0 0 1 0 0 0 1 0 0
0 0 0 1 1 1 0 0 0

O 1

0 0 0 1 0 1 0 0 0
0 0 1 0 0 0 1 0 0
0 0 1 1 0 0 1 0 0
0 0 1 0 0 0 1 0 0
0 0 0 1 0 1 0 0 0

O 1

0 0 0 1 1 1 0 0 0
0 0 0 0 0 0 1 0 0
0 0 1 0 0 0 1 0 0
0 0 1 0 0 0 0 0 0
0 0 0 1 1 1 0 0 0

O 1

0 0 0 1 1 1 0 0 0
0 0 1 0 0 1 1 0 0
0 1 1 0 0 0 1 0 0
0 0 1 0 0 0 1 0 0
0 0 0 0 1 0 0 0 0

O 1

0 0 0 1 0 1 0 1 0
0 1 1 0 0 0 1 0 0
0 0 1 0 0 0 1 0 0
0 0 1 0 0 0 1 1 0
0 0 0 1 1 1 0 0 0

O 1

0 0 1 1 1 1 0 0 0
0 0 1 0 0 0 1 0 0
0 0 1 1 1 1 0 0 0
0 0 1 0 0 0 0 0 0
0 0 1 0 0 0 0 0 0

0

0 0 0 1 1 1 0 0 0
0 0 1 0 0 0 1 0 0
0 0 1 0 0 0 1 0 0
0 0 1 0 0 1 1 0 0
0 0 0 1 1 1 1 0 0

0

0 0 1 1 1 1 0 0 0
0 0 1 0 0 0 1 0 0
0 0 1 1 1 1 0 0 0
0 0 1 0 1 0 0 0 0
0 0 1 0 0 1 1 0 0

0

0 0 0 1 1 1 1 0 0
0 0 1 0 0 0 0 0 0
0 0 0 1 1 1 0 0 0
0 0 0 0 0 0 1 0 0
0 0 1 1 1 1 0 0 0

0

0 0 1 1 1 1 1 0 0
0 0 0 0 1 0 0 0 0
0 0 0 0 1 0 0 0 0
0 0 0 0 1 0 0 0 0
0 0 0 0 1 0 0 0 0

0

0 0 1 0 0 0 1 0 0
0 0 1 0 0 0 1 0 0
0 0 1 0 0 0 1 0 0
0 0 1 0 0 0 1 0 0
0 0 0 1 1 1 0 0 0

U 1

0 0 1 0 0 0 1 0 0
0 0 1 0 0 0 1 0 0
0 0 1 0 1 0 1 0 0
0 0 1 0 0 0 1 0 0
0 0 0 1 0 1 0 0 0

U 1

0 0 1 0 0 0 1 0 0
0 0 0 0 0 0 1 0 0
1 0 1 0 0 0 0 0 0
0 0 1 0 0 0 1 0 0
0 0 0 1 1 1 0 0 0

U 1

0 1 1 0 0 0 0 0 0
0 0 1 0 0 0 1 0 0
0 0 0 0 0 0 1 0 0
0 0 1 0 0 0 1 0 1
0 0 0 1 0 1 0 0 0

U 1

0 0 1 0 0 0 1 0 0
0 0 1 1 0 0 0 0 0
0 0 1 0 0 0 1 0 0
0 0 1 0 0 0 0 0 0
0 0 0 1 1 1 0 1 0

U 1

1 0 0 0 0 0 0 0 1
0 1 0 0 0 0 0 1 0
0 0 1 0 0 0 1 0 0
0 0 0 1 0 1 0 0 0
0 0 0 0 1 0 0 0 0

0

0 1 0 0 0 0 0 1 0
0 1 0 0 0 0 0 1 0
0 1 0 0 1 0 0 1 0
0 0 1 0 1 0 1 0 0
0 0 0 1 0 1 0 0 0

0

0 0 1 0 0 0 1 0 0
0 0 0 1 0 1 0 0 0
0 0 0 0 1 0 0 0 0
0 0 0 1 0 1 0 0 0
0 0 1 0 0 0 1 0 0

0

0 0 1 0 0 0 1 0 0
0 0 0 1 0 1 0 0 0
0 0 0 0 1 0 0 0 0
0 0 0 0 1 0 0 0 0
0 0 0 0 1 0 0 0 0

0

0 0 1 1 1 1 1 0 0
0 0 0 0 0 1 0 0 0
0 0 0 0 1 0 0 0 0
0 0 0 1 0 0 0 0 0
0 0 1 1 1 1 1 0 0

0